0
9
13
18
24
26
28
30
35
46
53
56
71
76
77
82
87
96
100
104
110
119
121
142
144
149
151
159
162
164
182
184
185
200
202
205
216
218
223
227
228
235
239
240
248
261
281
286
291
308
312
319
328
332
340
346
349
354
361
372
374
377
379
384
389
394
395
399
405
407
433
434
451
457
464
475
477
479
485
507
510
515
517
523
526
537
548
551
559
568
577
580
583
603
604
616
620
623
632
634
642
644
649
661
668
673
682
688
689
694
695
700
703
713
742
759
764
772
779
784
790
797
812
829
832
858
863
871
876
882
891
896
898
902
903
921
925
934
938
942
945
949
967
978
981
987
1003
1012
1018
1022
1028
1029
1030
1037
1040
1045
1047
1056
1057
1062
1090
1092
1093
1096
1109
1123
1132
1139
1146
1151
1152
1160
1173
1183
1195
1196
1204
1210
1223
1233
1242
1251
1266
1267
1268
1269
1274
1277
1291
1293
1316
1322
1324
1329
1332
1347
1350
1359
1361
1365
1373
1374
1380
1381
1382
1384
1393
1417
1428
1432
1435
1447
1456
1460
1465
1491
1508
1509
1514
1521
1522
1532
1536
1541
1542
1546
1547
1551
1567
1572
1573
1577
1588
1598
1600
1603
1610
1613
1615
1621
1625
1629
1638
1639
1641
1645
1646
1653
1655
1656
1660
1679
1683
1686
1697
1698
1699
1709
1712
1717
1726
1727
1744
1747
1749
1762
1764
1769
1779
1786
1787
1802
1806
1834
1848
1871
1889
1891
1893
1894
1902
1909
1910
1918
1922
1926
1933
1949
1961
1972
1980
1991
2006
2008
2018
2021
2025
2026
2027
2062
2074
2079
2083
2088
2090
2107
2114
2119
2122
2123
2124
2127
2129
2142
2156
2163
2164
2168
2178
2180
2182
2185
2187
2192
2193
2202
2205
2210
2214
2220
2226
2232
2236
2246
2252
2254
2257
2279
2283
2284
2290
2295
2308
2309
2311
2315
2319
2327
2328
2330
2345
2346
2353
2356
2361
2366
2368
2371
2372
2383
2385
2388
2398
2414
2453
2462
2466
2491
2497
2510
2518
2522
2555
2560
2581
2582
2587
2600
2601
2603
2609
2632
2638
2648
2659
2662
2665
2666
2671
2682
2684
2690
2696
2699
2705
2708
2713
2722
2729
2731
2744
2769
2773
2780
2782
2785
2789
2804
2808
2810
2812
2813
2814
2823
2827
2835
2837
2840
2843
2844
2855
2864
2867
2868
2879
2886
2899
2904
2905
2907
2908
2909
2914
2928
2930
2935
2945
2955
2959
2975
2986
3002
3006
3018
3027
3030
3040
3047
3049
3056
3057
3058
3071
3085
3088
3098
3099
3101
3111
3122
3138
3139
3148
3154
3174
3182
3193
3194
3199
3207
3208
3219
3241
3248
3249
3253
3267
3269
3270
3278
3281
3306
3311
3314
3316
3318
3332
3335
3336
3339
3345
3348
3349
3354
3360
3369
3372
3374
3378
3379
3383
3394
3397
3402
3404
3408
3410
3423
3432
3437
3442
3448
3452
3454
3463
3466
3472
3478
3494
3495
3507
3521
3523
3526
3528
3531
3533
3538
3546
3557
3562
3564
3567
3574
3603
3604
3606
3607
3609
3626
3639
3644
3662
3663
3667
3673
3720
3722
3723
3731
3736
3750
3751
3758
3759
3770
3779
3792
3793
3798
3804
3819
3827
3836
3848
3854
3866
3887
3890
3893
3896
3897
3902
3911
3916
3923
3924
3926
3933
3939
3948
3955
3963
3974
3983
4003
4005
4016
4021
4027
4035
4044
4045
4049
4051
4053
4059
4068
4084
4101
4106
4119
4135
4138
4139
4144
4148
4162
4174
4184
4191
4200
4203
4227
4232
4241
4243
4249
4255
4265
4273
4283
4286
4296
4299
4306
4314
4333
4334
4336
4339
4351
4352
4356
4375
4376
4385
4400
4402
4416
4420
4429
4443
4454
4476
4484
4493
4512
4513
4519
4524
4526
4527
4528
4541
4564
4574
4581
4592
4600
4601
4604
4605
4620
4622
4624
4626
4632
4636
4643
4662
4664
4665
4672
4677
4678
4682
4685
4689
4692
4693
4699
4706
4722
4728
4730
4759
4764
4766
4776
4780
4790
4796
4799
4804
4808
4809
4814
4821
4837
4847
4849
4856
4878
4889
4892
4897
4912
4913
4928
4938
4952
4958
4961
4967
4969
4971
4986
4998
5015
5021
5027
5039
5045
5051
5072
5080
5092
5099
5101
5106
5113
5122
5123
5126
5129
5134
5138
5155
5168
5173
5186
5194
5213
5214
5225
5228
5236
5241
5243
5245
5246
5254
5261
5263
5265
5268
5279
5286
5291
5292
5295
5300
5307
5314
5315
5323
5328
5329
5333
5336
5345
5353
5368
5375
5421
5424
5426
5427
5432
5446
5457
5459
5495
5496
5508
5526
5539
5540
5555
5558
5559
5561
5569
5572
5590
5594
5599
5602
5612
5616
5617
5622
5627
5630
5636
5647
5651
5653
5658
5669
5671
5673
5676
5678
5683
5691
5693
5701
5709
5714
5718
5721
5725
5752
5753
5757
5758
5761
5776
5795
5803
5807
5810
5816
5824
5848
5867
5876
5881
5891
5897
5899
5911
5914
5915
5923
5924
5925
5937
5949
5953
5970
5978
5979
5982
5985
5986
5996
5997
6013
6014
6015
6020
6022
6023
6037
6038
6040
6045
6060
6068
6070
6073
6086
6090
6092
6111
6119
6127
6132
6145
6151
6154
6158
6161
6167
6178
6188
6197
6200
6226
6230
6241
6242
6245
6247
6260
6278
6279
6280
6285
6295
6300
6302
6306
6307
6313
6320
6333
6335
6347
6353
6374
6384
6385
6387
6390
6392
6393
6412
6419
6420
6429
6447
6466
6467
6472
6475
6483
6484
6485
6488
6493
6496
6497
6499
6509
6510
6542
6544
6546
6556
6562
6570
6576
6577
6579
6596
6597
6598
6602
6606
6613
6619
6625
6627
6656
6661
6666
6670
6681
6682
6689
6693
6702
6709
6717
6738
6745
6751
6755
6756
6774
6778
6779
6783
6784
6786
6791
6792
6793
6795
6801
6805
6827
6832
6834
6852
6854
6865
6867
6872
6879
6886
6890
6891
6894
6896
6910
6917
6927
6930
6939
6942
6955
6969
6972
6973
6992
6994
7001
7005
7008
7011
7014
7017
7020
7043
7051
7052
7054
7060
7086
7089
7092
7093
7094
7102
7108
7113
7115
7120
7125
7129
7148
7150
7154
7160
7161
7165
7170
7178
7190
7191
7195
7197
7203
7218
7227
7236
7241
7243
7245
7246
7256
7261
7263
7265
7288
7300
7301
7310
7311
7326
7328
7334
7353
7364
7368
7374
7377
7380
7388
7390
7404
7419
7429
7434
7442
7443
7447
7456
7460
7464
7466
7485
7505
7510
7512
7513
7518
7526
7530
7559
7560
7572
7581
7592
7598
7602
7604
7607
7608
7610
7611
7613
7618
7627
7635
7642
7647
7660
7661
7662
7680
7685
7693
7702
7707
7711
7716
7723
7730
7751
7768
7775
7777
7786
7796
7809
7813
7823
7840
7849
7855
7866
7875
7877
7883
7885
7899
7902
7917
7923
7935
7958
7963
7968
7973
7978
7980
7981
7993
7995
8003
8012
8016
8025
8050
8063
8065
8076
8078
8087
8112
8125
8126
8131
8132
8136
8140
8142
8147
8149
8153
8200
8207
8210
8213
8214
8230
8241
8243
8255
8263
8266
8280
8299
8301
8308
8313
8315
8318
8320
8322
8328
8333
8358
8366
8371
8376
8385
8386
8392
8396
8417
8426
8427
8429
8433
8436
8440
8442
8446
8450
8451
8459
8461
8462
8468
8471
8483
8484
8497
8503
8508
8510
8511
8519
8526
8542
8543
8549
8561
8562
8567
8590
8595
8602
8608
8614
8615
8626
8628
8642
8644
8646
8647
8658
8662
8668
8669
8674
8675
8681
8690
8692
8695
8696
8705
8710
8712
8713
8719
8724
8726
8734
8742
8751
8758
8760
8782
8787
8789
8804
8809
8815
8818
8826
8835
8847
8868
8880
8890
8891
8897
8906
8911
8914
8918
8942
8950
8960
8961
8968
8977
8981
8983
8993
8996
9000
9006
9016
9025
9029
9031
9032
9043
9059
9067
9069
9070
9071
9083
9087
9091
9093
9097
9102
9108
9117
9119
9127
9138
9151
9152
9153
9158
9163
9169
9175
9184
9187
9196
9202
9209
9213
9216
9251
9271
9296
9318
9329
9335
9344
9346
9360
9369
9383
9384
9385
9386
9389
9400
9419
9431
9432
9481
9482
9494
9500
9509
9516
9524
9526
9537
9549
9565
9576
9583
9586
9592
9594
9597
9603
9604
9606
9617
9618
9626
9640
9659
9663
9679
9683
9684
9686
9691
9694
9698
9707
9714
9723
9736
9737
9738
9745
9763
9764
9767
9783
9801
9805
9806
9813
9826
9831
9832
9833
9853
9856
9870
9871
9875
9884
9894
9895
9897
9905
9921
9928
9939
9951
9954
9960
9963
9966
9967
9968
9972
9985
9991
10000
10004
10005
10010
10017
10029
10037
10041
10056
10060
10078
10084
10092
10103
10108
10117
10123
10128
10142
10151
10153
10160
10165
10202
10213
10227
10233
10239
10259
10283
10290
10294
10305
10308
10311
10318
10321
10324
10331
10340
10374
10377
10383
10388
10401
10409
10413
10418
10426
10428
10434
10443
10450
10459
10461
10463
10468
10470
10471
10475
10487
10489
10496
10501
10504
10528
10532
10533
10534
10536
10541
10542
10544
10545
10547
10557
10559
10582
10586
10591
10592
10595
10598
10602
10624
10628
10634
10639
10641
10668
10673
10680
10683
10685
10699
10704
10707
10708
10722
10729
10731
10737
10757
10769
10778
10783
10787
10795
10796
10797
10798
10800
10801
10805
10810
10813
10815
10817
10818
10820
10822
10823
10825
10826
10830
10832
10860
10862
10867
10870
10872
10874
10876
10887
10888
10892
10905
10912
10913
10914
10928
10950
10957
10968
10972
10978
10979
10994
11003
11015
11023
11027
11029
11036
11037
11040
11055
11062
11065
11077
11083
11084
11098
11101
11107
11108
11121
11131
11132
11140
11144
11150
11151
11162
11173
11175
11179
11182
11184
11186
11193
11201
11207
11216
11222
11225
11234
11252
11257
11259
11269
11270
11272
11278
11286
11304
11305
11306
11324
11328
11329
11331
11334
11341
11346
11349
11351
11375
11379
11385
11386
11387
11391
11399
11400
11402
11407
11413
11423
11430
11442
11443
11466
11469
11478
11479
11483
11485
11499
11506
11507
11509
11510
11515
11526
11529
11558
11569
11579
11580
11583
11593
11597
11604
11607
11610
11611
11614
11615
11625
11633
11641
11654
11666
11674
11678
11683
11685
11689
11712
11727
11733
11739
11756
11759
11760
11766
11782
11789
11801
11807
11810
11843
11848
11861
11862
11865
11877
11881
11884
11885
11887
11889
11907
11912
11930
11939
11951
11968
11970
11971
11991
11995
11996
12004
12009
12011
12017
12018
12019
12042
12043
12050
12053
12061
12077
12090
12092
12094
12109
12116
12126
12128
12131
12136
12138
12142
12153
12155
12156
12158
12162
12168
12170
12178
12183
12184
12186
12189
12196
12207
12208
12222
12225
12228
12235
12236
12240
12252
12257
12269
12275
12280
12286
12287
12297
12304
12307
12326
12329
12335
12339
12350
12359
12364
12369
12381
12385
12390
12395
12406
12414
12420
12423
12429
12433
12435
12457
12462
12477
12480
12483
12487
12501
12504
12515
12523
12525
12549
12554
12557
12575
12595
12596
12603
12607
12609
12613
12616
12625
12633
12654
12664
12669
12680
12686
12708
12709
12710
12716
12717
12718
12721
12722
12732
12741
12750
12756
12759
12767
12770
12773
12780
12794
12797
12837
12848
12849
12860
12867
12869
12875
12876
12888
12903
12923
12939
12943
12950
12952
12960
12972
12978
12986
12990
12996
13000
13001
13006
13020
13021
13023
13031
13045
13061
13068
13072
13076
13082
13106
13107
13117
13135
13140
13145
13149
13153
13158
13162
13166
13168
13170
13171
13172
13187
13188
13198
13205
13208
13214
13218
13221
13223
13226
13236
13239
13246
13275
13278
13287
13290
13300
13318
13325
13330
13334
13340
13356
13360
13365
13370
13380
13384
13391
13397
13398
13407
13413
13422
13425
13426
13433
13443
13453
13472
13474
13481
13483
13488
13492
13511
13527
13528
13533
13534
13535
13539
13556
13559
13568
13589
13591
13592
13601
13606
13612
13618
13626
13628
13633
13636
13659
13660
13666
13671
13679
13699
13701
13704
13705
13709
13711
13727
13729
13731
13732
13733
13760
13765
13774
13777
13781
13793
13809
13812
13818
13825
13830
13839
13842
13844
13854
13867
13869
13870
13871
13875
13879
13882
13890
13909
13933
13938
13939
13951
13962
13973
13974
13981
14002
14006
14013
14020
14021
14027
14033
14048
14051
14052
14054
14062
14069
14073
14080
14094
14101
14104
14111
14113
14119
14121
14139
14148
14149
14163
14164
14165
14169
14196
14220
14227
14231
14239
14241
14248
14253
14256
14262
14275
14307
14308
14312
14322
14338
14343
14348
14349
14357
14358
14373
14379
14384
14390
14391
14393
14396
14400
14415
14417
14421
14433
14434
14435
14436
14477
14481
14490
14493
14497
14498
14500
14511
14515
14520
14530
14540
14573
14584
14587
14593
14597
14600
14602
14612
14617
14618
14648
14651
14652
14656
14657
14658
14659
14660
14661
14662
14663
14664
14665
14666
14667
14668
14669
14670
14671
14672
14673
14674
14675
14676
14677
14678
14679
14680
14681
14682
14683
14684
14685
14686
14687
14688
14689
14690
14691
14692
14693
14694
14695
14696
14697
14698
14699
14700
14701
14702
14703
14704
14705
14706
14707
14708
14709
14710
14711
14712
14713
14714
14715
14716
14717
14718
14719
14720
14721
14722
14723
14724
14725
14726
14727
14728
14729
14730
14731
14732
14733
14734
14735
14736
14737
14738
14739
14740
14741
14742
14743
14744
14745
14746
14747
14748
14749
14750
14751
14752
14753
14754
14755
14756
14757
14758
14759
14760
14761
14762
14763
14764
14765
14766
14767
14768
14769
14770
14771
14772
14773
14774
14775
14776
14777
14778
14779
14780
14781
14782
14783
14784
14785
14786
14787
14788
14789
14790
14791
14792
14793
14794
14795
14796
14797
14798
14799
14800
14801
14802
14803
14804
14805
14806
14807
14808
14809
14810
14811
14812
14813
14814
14815
14816
14817
14818
14819
14820
14821
14822
14823
14824
14825
14826
14827
14828
14829
14830
14831
14832
14833
14834
14835
14836
14837
14838
14839
14840
14841
14842
14843
14844
14845
14846
14847
14848
14849
14850
14851
14852
14853
14854
14855
14856
14857
14858
14859
14860
14861
14862
14863
14864
14865
14866
14867
14868
14869
14870
14871
14872
14873
14874
14875
14876
14877
14878
14879
14880
14881
14882
14883
14884
14885
14886
14887
14888
14889
14890
14891
14892
14893
14894
14895
14896
14897
14898
14899
14900
14901
14902
14903
14904
14905
14906
14907
14908
14909
14910
14911
14912
14913
14914
14915
14916
14917
14918
14919
14920
14921
14922
14923
14924
14925
14926
14927
14928
14929
14930
14931
14932
14933
14934
14935
14936
14937
14938
14939
14940
14941
14942
14943
14944
14945
14946
14947
14948
14949
14950
14951
14952
14953
14954
14955
14956
14957
14958
14959
14960
14961
14962
14963
14964
14965
14966
14967
14968
14969
14970
14971
14972
14973
14974
14975
14976
14977
14978
14979
14980
14981
14982
14983
14984
14985
14986
14987
14988
14989
14990
14991
14992
14993
14994
14995
14996
14997
14998
14999
15000
15001
15002
15003
15004
15005
15006
15007
15008
15009
15010
15011
15012
15013
15014
15015
15016
15017
15018
15019
15020
15021
15022
15023
15024
15025
15026
15027
15028
15029
15030
15031
15032
15033
15034
15035
15036
15037
15038
15039
15040
15041
15042
15043
15044
15045
15046
15047
15048
15049
15050
15051
15052
15053
15054
15055
15056
15057
15058
15059
15060
15061
15062
15063
15064
15065
15066
15067
15068
15069
15070
15071
15072
15073
15074
15075
15076
15077
15078
15079
15080
15081
15082
15083
15084
15085
15086
15087
15088
15089
15090
15091
15092
15093
15094
15095
15096
15097
15098
15099
15100
15101
15102
15103
15104
15105
15106
15107
15108
15109
15110
15111
15112
15113
15114
15115
15116
15117
15118
15119
15120
15121
15122
15123
15124
15125
15126
15127
15128
15129
15130
15131
15132
15133
15134
15135
15136
15137
15138
15139
15140
15141
15142
15143
15144
15145
15146
15147
15148
15149
15150
15151
15152
15153
15154
15155
15156
15157
15158
15159
15160
15161
15162
15163
15164
15165
15166
15167
15168
15169
15170
15171
15172
15173
15174
15175
15176
15177
15178
15179
15180
15181
15182
15183
15184
15185
15186
15187
15188
15189
15190
15191
15192
15193
15194
15195
15196
15197
15198
15199
15200
15201
15202
15203
15204
15205
15206
15207
15208
15209
15210
15211
15212
15213
15214
15215
15216
15217
15218
15219
15220
15221
15222
15223
15224
15225
15226
15227
15228
15229
15230
15231
15232
15233
15234
15235
15236
15237
15238
15239
15240
15241
15242
15243
15244
15245
15246
15247
15248
15249
15250
15251
15252
15253
15254
15255
15256
15257
15258
15259
15260
15261
15262
15263
15264
15265
15266
15267
15268
15269
15270
15271
15272
15273
15274
15275
15276
15277
15278
15279
15280
15281
15282
15283
15284
15285
15286
15287
15288
15289
15290
15291
15292
15293
15294
15295
15296
15297
15298
15299
15300
15301
15302
15303
15304
15305
15306
15307
15308
15309
15310
15311
15312
15313
15314
15315
15316
15317
15318
15319
15320
15321
15322
15323
15324
15325
15326
15327
15328
15329
15330
15331
15332
15333
15334
15335
15336
15337
15338
15339
15340
15341
15342
15343
15344
15345
15346
15347
15348
15349
15350
15351
15352
15353
15354
15355
15356
15357
15358
15359
15360
15361
15362
15363
15364
15365
15366
15367
15368
15369
15370
15371
15372
15373
15374
15375
15376
15377
15378
15379
15380
15381
15382
15383
15384
15385
15386
15387
15388
15389
15390
15391
15392
15393
15394
15395
15396
15397
15398
15399
15400
15401
15402
15403
15404
15405
15406
15407
15408
15409
15410
15411
15412
15413
15414
15415
15416
15417
15418
15419
15420
15421
15422
15423
15424
15425
15426
15427
15428
15429
15430
15431
15432
15433
15434
15435
15436
15437
15438
15439
15440
15441
15442
15443
15444
15445
15446
15447
15448
15449
15450
15451
15452
15453
15454
15455
15456
15457
15458
15459
15460
15461
15462
15463
15464
15465
15466
15467
15468
15469
15470
15471
15472
15473
15474
15475
15476
15477
15478
15479
15480
15481
15482
15483
15484
15485
15486
15487
15488
15489
15490
15491
15492
15493
15494
15495
15496
15497
15498
15499
15500
15501
15502
15503
15504
15505
15506
15507
15508
15509
15510
15511
15512
15513
15514
15515
15516
15517
15518
15519
15520
15521
15522
15523
15524
15525
15526
15527
15528
15529
15530
15531
15532
15533
15534
15535
15536
15537
15538
15539
15540
15541
15542
15543
15544
15545
15546
15547
15548
15549
15550
15551
15552
15553
15554
15555
15556
15557
15558
15559
15560
15561
15562
15563
15564
15565
15566
15567
15568
15569
15570
15571
15572
15573
15574
15575
15576
15577
15578
15579
15580
15581
15582
15583
15584
15585
15586
15587
15588
15589
15590
15591
15592
15593
15594
15595
15596
15597
15598
15599
15600
15601
15602
15603
15604
15605
15606
15607
15608
15609
15610
15611
15612
15613
15614
15615
15616
15617
15618
15619
15620
15621
15622
15623
15624
