14656
14656
14656
14656
14656
14656
14657
14657
14657
14657
14657
14657
14659
14659
14659
14659
14659
14659
14659
14659
14659
14660
14660
14660
14660
14660
14660
14661
14661
14661
14661
14661
14661
14661
14661
14661
14662
14662
14662
14662
14662
14662
14663
14663
14663
14663
14663
14663
14664
14664
14664
14664
14664
14664
14665
14665
14665
14665
14665
14665
14667
14667
14667
14667
14667
14667
14668
14668
14668
14668
14668
14668
14669
14669
14669
14669
14669
14669
14670
14670
14670
14670
14670
14670
14670
14670
14670
14671
14671
14671
14671
14671
14671
14672
14672
14672
14672
14672
14672
14672
14672
14672
14675
14675
14675
14675
14675
14675
14676
14676
14676
14676
14676
14676
14677
14677
14677
14677
14677
14677
14678
14678
14678
14678
14678
14678
14679
14679
14679
14679
14679
14679
14681
14681
14681
14681
14681
14681
14681
14681
14681
14682
14682
14682
14682
14682
14682
14682
14682
14682
14683
14683
14683
14683
14683
14683
14683
14683
14683
14685
14685
14685
14685
14685
14685
14685
14685
14685
14686
14686
14686
14686
14686
14686
14687
14687
14687
14687
14687
14687
14688
14688
14688
14688
14688
14688
14689
14689
14689
14689
14689
14689
14689
14689
14689
14690
14690
14690
14690
14690
14690
14691
14691
14691
14691
14691
14691
14692
14692
14692
14692
14692
14692
14692
14692
14692
14693
14693
14693
14693
14693
14693
14694
14694
14694
14694
14694
14694
14694
14694
14694
14695
14695
14695
14695
14695
14695
14696
14696
14696
14696
14696
14696
14697
14697
14697
14697
14697
14697
14697
14697
14697
14698
14698
14698
14698
14698
14698
14699
14699
14699
14699
14699
14699
14700
14700
14700
14700
14700
14700
14701
14701
14701
14701
14701
14701
14701
14701
14701
14702
14702
14702
14702
14702
14702
14704
14704
14704
14704
14704
14704
14705
14705
14705
14705
14705
14705
14706
14706
14706
14706
14706
14706
14707
14707
14707
14707
14707
14707
14707
14707
14707
14708
14708
14708
14708
14708
14708
14710
14710
14710
14710
14710
14710
14710
14710
14710
14711
14711
14711
14711
14711
14711
14712
14712
14712
14712
14712
14712
14713
14713
14713
14713
14713
14713
14713
14713
14713
14714
14714
14714
14714
14714
14714
14715
14715
14715
14715
14715
14715
14715
14715
14715
14716
14716
14716
14716
14716
14716
14717
14717
14717
14717
14717
14717
14718
14718
14718
14718
14718
14718
14719
14719
14719
14719
14719
14719
14721
14721
14721
14721
14721
14721
14722
14722
14722
14722
14722
14722
14723
14723
14723
14723
14723
14723
14724
14724
14724
14724
14724
14724
14725
14725
14725
14725
14725
14725
14726
14726
14726
14726
14726
14726
14727
14727
14727
14727
14727
14727
14728
14728
14728
14728
14728
14728
14730
14730
14730
14730
14730
14730
14732
14732
14732
14732
14732
14732
14733
14733
14733
14733
14733
14733
14734
14734
14734
14734
14734
14734
14734
14734
14734
14735
14735
14735
14735
14735
14735
14736
14736
14736
14736
14736
14736
14737
14737
14737
14737
14737
14737
14738
14738
14738
14738
14738
14738
14739
14739
14739
14739
14739
14739
14740
14740
14740
14740
14740
14740
14741
14741
14741
14741
14741
14741
14742
14742
14742
14742
14742
14742
14742
14742
14742
14743
14743
14743
14743
14743
14743
14743
14743
14743
14744
14744
14744
14744
14744
14744
14745
14745
14745
14745
14745
14745
14747
14747
14747
14747
14747
14747
14748
14748
14748
14748
14748
14748
14749
14749
14749
14749
14749
14749
14750
14750
14750
14750
14750
14750
14751
14751
14751
14751
14751
14751
14752
14752
14752
14752
14752
14752
14753
14753
14753
14753
14753
14753
14754
14754
14754
14754
14754
14754
14754
14754
14754
14755
14755
14755
14755
14755
14755
14756
14756
14756
14756
14756
14756
14758
14758
14758
14758
14758
14758
14759
14759
14759
14759
14759
14759
14760
14760
14760
14760
14760
14760
14760
14760
14760
14761
14761
14761
14761
14761
14761
14761
14761
14761
14762
14762
14762
14762
14762
14762
14763
14763
14763
14763
14763
14763
14763
14763
14763
14765
14765
14765
14765
14765
14765
14766
14766
14766
14766
14766
14766
14767
14767
14767
14767
14767
14767
14768
14768
14768
14768
14768
14768
14769
14769
14769
14769
14769
14769
14770
14770
14770
14770
14770
14770
14770
14770
14770
14771
14771
14771
14771
14771
14771
14771
14771
14771
14772
14772
14772
14772
14772
14772
14773
14773
14773
14773
14773
14773
14773
14773
14773
14774
14774
14774
14774
14774
14774
14775
14775
14775
14775
14775
14775
14776
14776
14776
14776
14776
14776
14778
14778
14778
14778
14778
14778
14779
14779
14779
14779
14779
14779
14780
14780
14780
14780
14780
14780
14781
14781
14781
14781
14781
14781
14782
14782
14782
14782
14782
14782
14783
14783
14783
14783
14783
14783
14783
14783
14783
14784
14784
14784
14784
14784
14784
14784
14784
14784
14785
14785
14785
14785
14785
14785
14786
14786
14786
14786
14786
14786
14787
14787
14787
14787
14787
14787
14789
14789
14789
14789
14789
14789
14790
14790
14790
14790
14790
14790
14790
14790
14790
14791
14791
14791
14791
14791
14791
14791
14791
14791
14792
14792
14792
14792
14792
14792
14793
14793
14793
14793
14793
14793
14794
14794
14794
14794
14794
14794
14795
14795
14795
14795
14795
14795
14796
14796
14796
14796
14796
14796
14797
14797
14797
14797
14797
14797
14798
14798
14798
14798
14798
14798
14799
14799
14799
14799
14799
14799
14800
14800
14800
14800
14800
14800
14801
14801
14801
14801
14801
14801
14802
14802
14802
14802
14802
14802
14803
14803
14803
14803
14803
14803
14804
14804
14804
14804
14804
14804
14805
14805
14805
14805
14805
14805
14656
14656
14656
14656
14656
14656
14657
14657
14657
14657
14657
14657
14659
14659
14659
14659
14659
14659
14659
14659
14659
14660
14660
14660
14660
14660
14660
14661
14661
14661
14661
14661
14661
14661
14661
14661
14662
14662
14662
14662
14662
14662
14663
14663
14663
14663
14663
14663
14664
14664
14664
14664
14664
14664
14665
14665
14665
14665
14665
14665
14667
14667
14667
14667
14667
14667
14668
14668
14668
14668
14668
14668
14669
14669
14669
14669
14669
14669
14670
14670
14670
14670
14670
14670
14670
14670
14670
14671
14671
14671
14671
14671
14671
14672
14672
14672
14672
14672
14672
14672
14672
14672
14675
14675
14675
14675
14675
14675
14676
14676
14676
14676
14676
14676
14677
14677
14677
14677
14677
14677
14678
14678
14678
14678
14678
14678
14679
14679
14679
14679
14679
14679
14681
14681
14681
14681
14681
14681
14681
14681
14681
14682
14682
14682
14682
14682
14682
14682
14682
14682
14683
14683
14683
14683
14683
14683
14683
14683
14683
14685
14685
14685
14685
14685
14685
14685
14685
14685
14686
14686
14686
14686
14686
14686
14687
14687
14687
14687
14687
14687
14688
14688
14688
14688
14688
14688
14689
14689
14689
14689
14689
14689
14689
14689
14689
14690
14690
14690
14690
14690
14690
14691
14691
14691
14691
14691
14691
14692
14692
14692
14692
14692
14692
14692
14692
14692
14693
14693
14693
14693
14693
14693
14694
14694
14694
14694
14694
14694
14694
14694
14694
14695
14695
14695
14695
14695
14695
14696
14696
14696
14696
14696
14696
14697
14697
14697
14697
14697
14697
14697
14697
14697
14698
14698
14698
14698
14698
14698
14699
14699
14699
14699
14699
14699
14700
14700
14700
14700
14700
14700
14701
14701
14701
14701
14701
14701
14701
14701
14701
14702
14702
14702
14702
14702
14702
14704
14704
14704
14704
14704
14704
14705
14705
14705
14705
14705
14705
14706
14706
14706
14706
14706
14706
14707
14707
14707
14707
14707
14707
14707
14707
14707
14708
14708
14708
14708
14708
14708
14710
14710
14710
14710
14710
14710
14710
14710
14710
14711
14711
14711
14711
14711
14711
14712
14712
14712
14712
14712
14712
14713
14713
14713
14713
14713
14713
14713
14713
14713
14714
14714
14714
14714
14714
14714
14715
14715
14715
14715
14715
14715
14715
14715
14715
14716
14716
14716
14716
14716
14716
14717
14717
14717
14717
14717
14717
14718
14718
14718
14718
14718
14718
14719
14719
14719
14719
14719
14719
14721
14721
14721
14721
14721
14721
14722
14722
14722
14722
14722
14722
14723
14723
14723
14723
14723
14723
14724
14724
14724
14724
14724
14724
14725
14725
14725
14725
14725
14725
14726
14726
14726
14726
14726
14726
14727
14727
14727
14727
14727
14727
14728
14728
14728
14728
14728
14728
14730
14730
14730
14730
14730
14730
14732
14732
14732
14732
14732
14732
14733
14733
14733
14733
14733
14733
14734
14734
14734
14734
14734
14734
14734
14734
14734
14735
14735
14735
14735
14735
14735
14736
14736
14736
14736
14736
14736
14737
14737
14737
14737
14737
14737
14738
14738
14738
14738
14738
14738
14739
14739
14739
14739
14739
14739
14740
14740
14740
14740
14740
14740
14741
14741
14741
14741
14741
14741
14742
14742
14742
14742
14742
14742
14742
14742
14742
14743
14743
14743
14743
14743
14743
14743
14743
14743
14744
14744
14744
14744
14744
14744
14745
14745
14745
14745
14745
14745
14747
14747
14747
14747
14747
14747
14748
14748
14748
14748
14748
14748
14749
14749
14749
14749
14749
14749
14750
14750
14750
14750
14750
14750
14751
14751
14751
14751
14751
14751
14752
14752
14752
14752
14752
14752
14753
14753
14753
14753
14753
14753
14754
14754
14754
14754
14754
14754
14754
14754
14754
14755
14755
14755
14755
14755
14755
14756
14756
14756
14756
14756
14756
14758
14758
14758
14758
14758
14758
14759
14759
14759
14759
14759
14759
14760
14760
14760
14760
14760
14760
14760
14760
14760
14761
14761
14761
14761
14761
14761
14761
14761
14761
14762
14762
14762
14762
14762
14762
14763
14763
14763
14763
14763
14763
14763
14763
14763
14765
14765
14765
14765
14765
14765
14766
14766
14766
14766
14766
14766
14767
14767
14767
14767
14767
14767
14768
14768
14768
14768
14768
14768
14769
14769
14769
14769
14769
14769
14770
14770
14770
14770
14770
14770
14770
14770
14770
14771
14771
14771
14771
14771
14771
14771
14771
14771
14772
14772
14772
14772
14772
14772
14773
14773
14773
14773
14773
14773
14773
14773
14773
14774
14774
14774
14774
14774
14774
14775
14775
14775
14775
14775
14775
14776
14776
14776
14776
14776
14776
14778
14778
14778
14778
14778
14778
14779
14779
14779
14779
14779
14779
14780
14780
14780
14780
14780
14780
14781
14781
14781
14781
14781
14781
14782
14782
14782
14782
14782
14782
14783
14783
14783
14783
14783
14783
14783
14783
14783
14784
14784
14784
14784
14784
14784
14784
14784
14784
14785
14785
14785
14785
14785
14785
14786
14786
14786
14786
14786
14786
14787
14787
14787
14787
14787
14787
14789
14789
14789
14789
14789
14789
14790
14790
14790
14790
14790
14790
14790
14790
14790
14791
14791
14791
14791
14791
14791
14791
14791
14791
14792
14792
14792
14792
14792
14792
14793
14793
14793
14793
14793
14793
14794
14794
14794
14794
14794
14794
14795
14795
14795
14795
14795
14795
14796
14796
14796
14796
14796
14796
14797
14797
14797
14797
14797
14797
14798
14798
14798
14798
14798
14798
14799
14799
14799
14799
14799
14799
14800
14800
14800
14800
14800
14800
14801
14801
14801
14801
14801
14801
14802
14802
14802
14802
14802
14802
14803
14803
14803
14803
14803
14803
14804
14804
14804
14804
14804
14804
14805
14805
14805
14805
14805
14805
14806
14806
14806
14806
14806
14806
14808
14808
14808
14808
14808
14808
14808
14808
14808
14809
14809
14809
14809
14809
14809
14810
14810
14810
14810
14810
14810
14811
14811
14811
14811
14811
14811
14812
14812
14812
14812
14812
14812
14813
14813
14813
14813
14813
14813
14814
14814
14814
14814
14814
14814
14814
14814
14814
14815
14815
14815
14815
14815
14815
14816
14816
14816
14816
14816
14816
14817
14817
14817
14817
14817
14817
14819
14819
14819
14819
14819
14819
14820
14820
14820
14820
14820
14820
14820
14820
14820
14821
14821
14821
14821
14821
14821
14821
14821
14821
14823
14823
14823
14823
14823
14823
14823
14823
14823
14824
14824
14824
14824
14824
14824
14824
14824
14824
14825
14825
14825
14825
14825
14825
14825
14825
14825
14828
14828
14828
14828
14828
14828
14828
14828
14828
14829
14829
14829
14829
14829
14829
14829
14829
14829
14830
14830
14830
14830
14830
14830
14830
14830
14830
14831
14831
14831
14831
14831
14831
14831
14831
14831
14832
14832
14832
14832
14832
14832
14832
14832
14832
14834
14834
14834
14834
14834
14834
14834
14834
14834
14835
14835
14835
14835
14835
14835
14835
14835
14835
14836
14836
14836
14836
14836
14836
14836
14836
14836
14838
14838
14838
14838
14838
14838
14838
14838
14838
14839
14839
14839
14839
14839
14839
14839
14839
14839
14840
14840
14840
14840
14840
14840
14840
14840
14840
14841
14841
14841
14841
14841
14841
14841
14841
14841
14842
14842
14842
14842
14842
14842
14842
14842
14842
14843
14843
14843
14843
14843
14843
14843
14843
14843
14845
14845
14845
14845
14845
14845
14845
14845
14845
14846
14846
14846
14846
14846
14846
14846
14846
14846
14847
14847
14847
14847
14847
14847
14847
14847
14847
14848
14848
14848
14848
14848
14848
14848
14848
14848
14849
14849
14849
14849
14849
14849
14849
14849
14849
14850
14850
14850
14850
14850
14850
14850
14850
14850
14853
14853
14853
14853
14853
14853
14853
14853
14853
14854
14854
14854
14854
14854
14854
14854
14854
14854
14855
14855
14855
14855
14855
14855
14855
14855
14855
14856
14856
14856
14856
14856
14856
14856
14856
14856
14857
14857
14857
14857
14857
14857
14857
14857
14857
14858
14858
14858
14858
14858
14858
14858
14858
14858
14859
14859
14859
14859
14859
14859
14859
14859
14859
14860
14860
14860
14860
14860
14860
14860
14860
14860
14861
14861
14861
14861
14861
14861
14861
14861
14861
14862
14862
14862
14862
14862
14862
14862
14862
14862
14864
14864
14864
14864
14864
14864
14864
14864
14864
14865
14865
14865
14865
14865
14865
14865
14865
14865
14866
14866
14866
14866
14866
14866
14866
14866
14866
14868
14868
14868
14868
14868
14868
14868
14868
14868
14869
14869
14869
14869
14869
14869
14869
14869
14869
14870
14870
14870
14870
14870
14870
14870
14870
14870
14871
14871
14871
14871
14871
14871
14871
14871
14871
14873
14873
14873
14873
14873
14873
14873
14873
14873
14874
14874
14874
14874
14874
14874
14874
14874
14874
14875
14875
14875
14875
14875
14875
14875
14875
14875
14877
14877
14877
14877
14877
14877
14877
14877
14877
14878
14878
14878
14878
14878
14878
14878
14878
14878
14879
14879
14879
14879
14879
14879
14879
14879
14879
14880
14880
14880
14880
14880
14880
14880
14880
14880
14882
14882
14882
14882
14882
14882
14882
14882
14882
14883
14883
14883
14883
14883
14883
14883
14883
14883
14884
14884
14884
14884
14884
14884
14884
14884
14884
14885
14885
14885
14885
14885
14885
14885
14885
14885
14886
14886
14886
14886
14886
14886
14886
14886
14886
14887
14887
14887
14887
14887
14887
14887
14887
14887
14888
14888
14888
14888
14888
14888
14888
14888
14888
14889
14889
14889
14889
14889
14889
14889
14889
14889
14890
14890
14890
14890
14890
14890
14890
14890
14890
14891
14891
14891
14891
14891
14891
14891
14891
14891
14892
14892
14892
14892
14892
14892
14892
14892
14892
14893
14893
14893
14893
14893
14893
14893
14893
14893
14894
14894
14894
14894
14894
14894
14894
14894
14894
14895
14895
14895
14895
14895
14895
14895
14895
14895
14896
14896
14896
14896
14896
14896
14896
14896
14896
14897
14897
14897
14897
14897
14897
14897
14897
14897
14898
14898
14898
14898
14898
14898
14898
14898
14898
14899
14899
14899
14899
14899
14899
14899
14899
14899
14901
14901
14901
14901
14901
14901
14901
14901
14901
14902
14902
14902
14902
14902
14902
14902
14902
14902
14903
14903
14903
14903
14903
14903
14903
14903
14903
14904
14904
14904
14904
14904
14904
14904
14904
14904
14907
14907
14907
14907
14907
14907
14907
14907
14907
14908
14908
14908
14908
14908
14908
14908
14908
14908
14909
14909
14909
14909
14909
14909
14909
14909
14909
14911
14911
14911
14911
14911
14911
14911
14911
14911
14912
14912
14912
14912
14912
14912
14912
14912
14912
14914
14914
14914
14914
14914
14914
14914
14914
14914
14915
14915
14915
14915
14915
14915
14915
14915
14915
14916
14916
14916
14916
14916
14916
14916
14916
14916
14917
14917
14917
14917
14917
14917
14917
14917
14917
14918
14918
14918
14918
14918
14918
14918
14918
14918
14921
14921
14921
14921
14921
14921
14921
14921
14921
14922
14922
14922
14922
14922
14922
14922
14922
14922
14923
14923
14923
14923
14923
14923
14923
14923
14923
14924
14924
14924
14924
14924
14924
14924
14924
14924
14925
14925
14925
14925
14925
14925
14925
14925
14925
14926
14926
14926
14926
14926
14926
14926
14926
14926
14927
14927
14927
14927
14927
14927
14927
14927
14927
14928
14928
14928
14928
14928
14928
14928
14928
14928
14929
14929
14929
14929
14929
14929
14929
14929
14929
14930
14930
14930
14930
14930
14930
14930
14930
14930
14931
14931
14931
14931
14931
14931
14931
14931
14931
14932
14932
14932
14932
14932
14932
14932
14932
14932
14933
14933
14933
14933
14933
14933
14933
14933
14933
14934
14934
14934
14934
14934
14934
14934
14934
14934
14935
14935
14935
14935
14935
14935
14935
14935
14935
14936
14936
14936
14936
14936
14936
14936
14936
14936
14937
14937
14937
14937
14937
14937
14937
14937
14937
14938
14938
14938
14938
14938
14938
14938
14938
14938
14939
14939
14939
14939
14939
14939
14939
14939
14939
14942
14942
14942
14942
14942
14942
14942
14942
14942
14943
14943
14943
14943
14943
14943
14943
14943
14943
14945
14945
14945
14945
14945
14945
14945
14945
14945
14946
14946
14946
14946
14946
14946
14946
14946
14946
14947
14947
14947
14947
14947
14947
14947
14947
14947
14948
14948
14948
14948
14948
14948
14948
14948
14948
14949
14949
14949
14949
14949
14949
14949
14949
14949
14950
14950
14950
14950
14950
14950
14950
14950
14950
14951
14951
14951
14951
14951
14951
14951
14951
14951
14952
14952
14952
14952
14952
14952
14952
14952
14952
14953
14953
14953
14953
14953
14953
14953
14953
14953
14954
14954
14954
14954
14954
14954
14954
14954
14954
14955
14955
14955
14955
14955
14955
14955
14955
14955
14957
14957
14957
14957
14957
14957
14957
14957
14957
14958
14958
14958
14958
14958
14958
14958
14958
14958
14959
14959
14959
14959
14959
14959
14959
14959
14959
14960
14960
14960
14960
14960
14960
14960
14960
14960
14961
14961
14961
14961
14961
14961
14961
14961
14961
14962
14962
14962
14962
14962
14962
14962
14962
14962
14963
14963
14963
14963
14963
14963
14963
14963
14963
14964
14964
14964
14964
14964
14964
14964
14964
14964
14965
14965
14965
14965
14965
14965
14965
14965
14965
14966
14966
14966
14966
14966
14966
14966
14966
14966
14967
14967
14967
14967
14967
14967
14967
14967
14967
14968
14968
14968
14968
14968
14968
14968
14968
14968
14969
14969
14969
14969
14969
14969
14969
14969
14969
14970
14970
14970
14970
14970
14970
14970
14970
14970
14975
14975
14975
14975
14975
14975
14975
14975
14975
14977
14977
14977
14977
14977
14977
14977
14977
14977
14978
14978
14978
14978
14978
14978
14978
14978
14978
14979
14979
14979
14979
14979
14979
14979
14979
14979
14980
14980
14980
14980
14980
14980
14980
14980
14980
14981
14981
14981
14981
14981
14981
14981
14981
14981
14982
14982
14982
14982
14982
14982
14982
14982
14982
14983
14983
14983
14983
14983
14983
14983
14983
14983
14984
14984
14984
14984
14984
14984
14984
14984
14984
14985
14985
14985
14985
14985
14985
14985
14985
14985
14986
14986
14986
14986
14986
14986
14986
14986
14986
14987
14987
14987
14987
14987
14987
14987
14987
14987
14988
14988
14988
14988
14988
14988
14988
14988
14988
14989
14989
14989
14989
14989
14989
14989
14989
14989
14990
14990
14990
14990
14990
14990
14990
14990
14990
14991
14991
14991
14991
14991
14991
14991
14991
14991
14992
14992
14992
14992
14992
14992
14992
14992
14992
14993
14993
14993
14993
14993
14993
14993
14993
14993
14994
14994
14994
14994
14994
14994
14994
14994
14994
14995
14995
14995
14995
14995
14995
14995
14995
14995
14996
14996
14996
14996
14996
14996
14996
14996
14996
14997
14997
14997
14997
14997
14997
14997
14997
14997
14998
14998
14998
14998
14998
14998
14998
14998
14998
14999
14999
14999
14999
14999
14999
14999
14999
14999
15000
15000
15000
15000
15000
15000
15000
15000
15000
15001
15001
15001
15001
15001
15001
15001
15001
15001
15002
15002
15002
15002
15002
15002
15002
15002
15002
15003
15003
15003
15003
15003
15003
15003
15003
15003
15004
15004
15004
15004
15004
15004
15004
15004
15004
15005
15005
15005
15005
15005
15005
15005
15005
15005
15006
15006
15006
15006
15006
15006
15006
15006
15006
15007
15007
15007
15007
15007
15007
15007
15007
15007
15008
15008
15008
15008
15008
15008
15008
15008
15008
15009
15009
15009
15009
15009
15009
15009
15009
15009
15010
15010
15010
15010
15010
15010
15010
15010
15010
15011
15011
15011
15011
15011
15011
15011
15011
15011
15012
15012
15012
15012
15012
15012
15013
15013
15013
15013
15013
15013
15014
15014
15014
15014
15014
15014
15015
15015
15015
15015
15015
15015
15016
15016
15016
15016
15016
15016
15017
15017
15017
15017
15017
15017
15018
15018
15018
15018
15018
15018
15018
15018
15018
15019
15019
15019
15019
15019
15019
15019
15019
15019
15020
15020
15020
15020
15020
15020
15021
15021
15021
15021
15021
15021
15021
15021
15021
15024
15024
15024
15024
15024
15024
15025
15025
15025
15025
15025
15025
15027
15027
15027
15027
15027
15027
15029
15029
15029
15029
15029
15029
15030
15030
15030
15030
15030
15030
15031
15031
15031
15031
15031
15031
15031
15031
15031
15032
15032
15032
15032
15032
15032
15033
15033
15033
15033
15033
15033
15033
15033
15033
15034
15034
15034
15034
15034
15034
15034
15034
15034
15035
15035
15035
15035
15035
15035
15036
15036
15036
15036
15036
15036
15036
15036
15036
15037
15037
15037
15037
15037
15037
15038
15038
15038
15038
15038
15038
15038
15038
15038
15039
15039
15039
15039
15039
15039
15040
15040
15040
15040
15040
15040
15040
15040
15040
15041
15041
15041
15041
15041
15041
15042
15042
15042
15042
15042
15042
15043
15043
15043
15043
15043
15043
15044
15044
15044
15044
15044
15044
15045
15045
15045
15045
15045
15045
15045
15045
15045
15046
15046
15046
15046
15046
15046
15048
15048
15048
15048
15048
15048
15048
15048
15048
15050
15050
15050
15050
15050
15050
15051
15051
15051
15051
15051
15051
15051
15051
15051
15052
15052
15052
15052
15052
15052
15052
15052
15052
15053
15053
15053
15053
15053
15053
15055
15055
15055
15055
15055
15055
15055
15055
15055
15056
15056
15056
15056
15056
15056
15057
15057
15057
15057
15057
15057
15058
15058
15058
15058
15058
15058
15059
15059
15059
15059
15059
15059
15059
15059
15059
15060
15060
15060
15060
15060
15060
15061
15061
15061
15061
15061
15061
15061
15061
15061
15062
15062
15062
15062
15062
15062
15063
15063
15063
15063
15063
15063
15064
15064
15064
15064
15064
15064
15065
15065
15065
15065
15065
15065
15066
15066
15066
15066
15066
15066
15067
15067
15067
15067
15067
15067
15068
15068
15068
15068
15068
15068
15068
15068
15068
15069
15069
15069
15069
15069
15069
15069
15069
15069
15070
15070
15070
15070
15070
15070
15071
15071
15071
15071
15071
15071
15072
15072
15072
15072
15072
15072
15073
15073
15073
15073
15073
15073
15074
15074
15074
15074
15074
15074
15075
15075
15075
15075
15075
15075
15075
15075
15075
15077
15077
15077
15077
15077
15077
15077
15077
15077
15078
15078
15078
15078
15078
15078
15079
15079
15079
15079
15079
15079
15080
15080
15080
15080
15080
15080
15081
15081
15081
15081
15081
15081
15082
15082
15082
15082
15082
15082
15083
15083
15083
15083
15083
15083
15084
15084
15084
15084
15084
15084
15084
15084
15084
15085
15085
15085
15085
15085
15085
15086
15086
15086
15086
15086
15086
15087
15087
15087
15087
15087
15087
15088
15088
15088
15088
15088
15088
15089
15089
15089
15089
15089
15089
15090
15090
15090
15090
15090
15090
15091
15091
15091
15091
15091
15091
15092
15092
15092
15092
15092
15092
15093
15093
15093
15093
15093
15093
15095
15095
15095
15095
15095
15095
15096
15096
15096
15096
15096
15096
15097
15097
15097
15097
15097
15097
15098
15098
15098
15098
15098
15098
15098
15098
15098
15099
15099
15099
15099
15099
15099
15099
15099
15099
15100
15100
15100
15100
15100
15100
15101
15101
15101
15101
15101
15101
15101
15101
15101
15102
15102
15102
15102
15102
15102
15103
15103
15103
15103
15103
15103
15104
15104
15104
15104
15104
15104
15105
15105
15105
15105
15105
15105
15107
15107
15107
15107
15107
15107
15107
15107
15107
15108
15108
15108
15108
15108
15108
15109
15109
15109
15109
15109
15109
15110
15110
15110
15110
15110
15110
15111
15111
15111
15111
15111
15111
15112
15112
15112
15112
15112
15112
15112
15112
15112
15113
15113
15113
15113
15113
15113
15114
15114
15114
15114
15114
15114
15115
15115
15115
15115
15115
15115
15115
15115
15115
15116
15116
15116
15116
15116
15116
15117
15117
15117
15117
15117
15117
15118
15118
15118
15118
15118
15118
15119
15119
15119
15119
15119
15119
15120
15120
15120
15120
15120
15120
15121
15121
15121
15121
15121
15121
15122
15122
15122
15122
15122
15122
15123
15123
15123
15123
15123
15123
15124
15124
15124
15124
15124
15124
15125
15125
15125
15125
15125
15125
15126
15126
15126
15126
15126
15126
15127
15127
15127
15127
15127
15127
15128
15128
15128
15128
15128
15128
15129
15129
15129
15129
15129
15129
15130
15130
15130
15130
15130
15130
15130
15130
15130
15131
15131
15131
15131
15131
15131
15132
15132
15132
15132
15132
15132
15133
15133
15133
15133
15133
15133
15134
15134
15134
15134
15134
15134
15135
15135
15135
15135
15135
15135
15136
15136
15136
15136
15136
15136
15137
15137
15137
15137
15137
15137
15139
15139
15139
15139
15139
15139
15140
15140
15140
15140
15140
15140
15141
15141
15141
15141
15141
15141
15141
15141
15141
15142
15142
15142
15142
15142
15142
15143
15143
15143
15143
15143
15143
15143
15143
15143
15144
15144
15144
15144
15144
15144
15145
15145
15145
15145
15145
15145
15145
15145
15145
15146
15146
15146
15146
15146
15146
15147
15147
15147
15147
15147
15147
15147
15147
15147
15149
15149
15149
15149
15149
15149
15149
15149
15149
15150
15150
15150
15150
15150
15150
15152
15152
15152
15152
15152
15152
15153
15153
15153
15153
15153
15153
15153
15153
15153
15154
15154
15154
15154
15154
15154
15154
15154
15154
15156
15156
15156
15156
15156
15156
15157
15157
15157
15157
15157
15157
15158
15158
15158
15158
15158
15158
15159
15159
15159
15159
15159
15159
15160
15160
15160
15160
15160
15160
15162
15162
15162
15162
15162
15162
15162
15162
15162
15163
15163
15163
15163
15163
15163
15167
15167
15167
15167
15167
15167
15167
15167
15167
15169
15169
15169
15169
15169
15169
15169
15169
15169
15171
15171
15171
15171
15171
15171
15171
15171
15171
15174
15174
15174
15174
15174
15174
15176
15176
15176
15176
15176
15176
15176
15176
15176
15177
15177
15177
15177
15177
15177
15178
15178
15178
15178
15178
15178
15179
15179
15179
15179
15179
15179
15180
15180
15180
15180
15180
15180
15183
15183
15183
15183
15183
15183
15185
15185
15185
15185
15185
15185
15186
15186
15186
15186
15186
15186
15188
15188
15188
15188
15188
15188
15189
15189
15189
15189
15189
15189
15190
15190
15190
15190
15190
15190
15191
15191
15191
15191
15191
15191
15191
15191
15191
15192
15192
15192
15192
15192
15192
15193
15193
15193
15193
15193
15193
15194
15194
15194
15194
15194
15194
15194
15194
15194
15195
15195
15195
15195
15195
15195
15195
15195
15195
15196
15196
15196
15196
15196
15196
15198
15198
15198
15198
15198
15198
15199
15199
15199
15199
15199
15199
15200
15200
15200
15200
15200
15200
15200
15200
15200
15201
15201
15201
15201
15201
15201
15203
15203
15203
15203
15203
15203
15204
15204
15204
15204
15204
15204
15205
15205
15205
15205
15205
15205
15206
15206
15206
15206
15206
15206
15209
15209
15209
15209
15209
15209
15210
15210
15210
15210
15210
15210
15210
15210
15210
15211
15211
15211
15211
15211
15211
15211
15211
15211
15212
15212
15212
15212
15212
15212
15212
15212
15212
15214
15214
15214
15214
15214
15214
15214
15214
15214
15216
15216
15216
15216
15216
15216
15216
15216
15216
15217
15217
15217
15217
15217
15217
15217
15217
15217
15218
15218
15218
15218
15218
15218
15218
15218
15218
15219
15219
15219
15219
15219
15219
15219
15219
15219
15220
15220
15220
15220
15220
15220
15220
15220
15220
15221
15221
15221
15221
15221
15221
15221
15221
15221
15222
15222
15222
15222
15222
15222
15222
15222
15222
15223
15223
15223
15223
15223
15223
15223
15223
15223
15224
15224
15224
15224
15224
15224
15224
15224
15224
15225
15225
15225
15225
15225
15225
15225
15225
15225
15226
15226
15226
15226
15226
15226
15226
15226
15226
15227
15227
15227
15227
15227
15227
15227
15227
15227
15228
15228
15228
15228
15228
15228
15228
15228
15228
15229
15229
15229
15229
15229
15229
15229
15229
15229
15232
15232
15232
15232
15232
15232
15232
15232
15232
15233
15233
15233
15233
15233
15233
15233
15233
15233
15234
15234
15234
15234
15234
15234
15234
15234
15234
15235
15235
15235
15235
15235
15235
15235
15235
15235
15236
15236
15236
15236
15236
15236
15236
15236
15236
15237
15237
15237
15237
15237
15237
15237
15237
15237
15238
15238
15238
15238
15238
15238
15238
15238
15238
15239
15239
15239
15239
15239
15239
15239
15239
15239
15240
15240
15240
15240
15240
15240
15240
15240
15240
15241
15241
15241
15241
15241
15241
15241
15241
15241
15242
15242
15242
15242
15242
15242
15242
15242
15242
15243
15243
15243
15243
15243
15243
15243
15243
15243
15244
15244
15244
15244
15244
15244
15244
15244
15244
15245
15245
15245
15245
15245
15245
15245
15245
15245
15246
15246
15246
15246
15246
15246
15246
15246
15246
15247
15247
15247
15247
15247
15247
15247
15247
15247
15248
15248
15248
15248
15248
15248
15248
15248
15248
15249
15249
15249
15249
15249
15249
15249
15249
15249
15250
15250
15250
15250
15250
15250
15250
15250
15250
15251
15251
15251
15251
15251
15251
15251
15251
15251
15252
15252
15252
15252
15252
15252
15252
15252
15252
15253
15253
15253
15253
15253
15253
15253
15253
15253
15254
15254
15254
15254
15254
15254
15254
15254
15254
15255
15255
15255
15255
15255
15255
15255
15255
15255
15256
15256
15256
15256
15256
15256
15256
15256
15256
15257
15257
15257
15257
15257
15257
15257
15257
15257
15258
15258
15258
15258
15258
15258
15258
15258
15258
15259
15259
15259
15259
15259
15259
15259
15259
15259
15260
15260
15260
15260
15260
15260
15260
15260
15260
15261
15261
15261
15261
15261
15261
15261
15261
15261
15262
15262
15262
15262
15262
15262
15262
15262
15262
15263
15263
15263
15263
15263
15263
15263
15263
15263
15265
15265
15265
15265
15265
15265
15265
15265
15265
15266
15266
15266
15266
15266
15266
15266
15266
15266
15267
15267
15267
15267
15267
15267
15267
15267
15267
15268
15268
15268
15268
15268
15268
15268
15268
15268
15270
15270
15270
15270
15270
15270
15270
15270
15270
15271
15271
15271
15271
15271
15271
15271
15271
15271
15272
15272
15272
15272
15272
15272
15272
15272
15272
15273
15273
15273
15273
15273
15273
15273
15273
15273
15274
15274
15274
15274
15274
15274
15274
15274
15274
15275
15275
15275
15275
15275
15275
15275
15275
15275
15276
15276
15276
15276
15276
15276
15276
15276
15276
15278
15278
15278
15278
15278
15278
15278
15278
15278
15279
15279
15279
15279
15279
15279
15279
15279
15279
15281
15281
15281
15281
15281
15281
15281
15281
15281
15282
15282
15282
15282
15282
15282
15282
15282
15282
15284
15284
15284
15284
15284
15284
15284
15284
15284
15285
15285
15285
15285
15285
15285
15285
15285
15285
15286
15286
15286
15286
15286
15286
15286
15286
15286
15288
15288
15288
15288
15288
15288
15288
15288
15288
15289
15289
15289
15289
15289
15289
15289
15289
15289
15290
15290
15290
15290
15290
15290
15290
15290
15290
15292
15292
15292
15292
15292
15292
15292
15292
15292
15293
15293
15293
15293
15293
15293
15293
15293
15293
15294
15294
15294
15294
15294
15294
15294
15294
15294
15295
15295
15295
15295
15295
15295
15295
15295
15295
15297
15297
15297
15297
15297
15297
15297
15297
15297
15298
15298
15298
15298
15298
15298
15298
15298
15298
15299
15299
15299
15299
15299
15299
15299
15299
15299
15300
15300
15300
15300
15300
15300
15300
15300
15300
15301
15301
15301
15301
15301
15301
15301
15301
15301
15302
15302
15302
15302
15302
15302
15302
15302
15302
15303
15303
15303
15303
15303
15303
15303
15303
15303
15304
15304
15304
15304
15304
15304
15304
15304
15304
15305
15305
15305
15305
15305
15305
15305
15305
15305
15306
15306
15306
15306
15306
15306
15306
15306
15306
15307
15307
15307
15307
15307
15307
15307
15307
15307
15308
15308
15308
15308
15308
15308
15308
15308
15308
15309
15309
15309
15309
15309
15309
15309
15309
15309
15310
15310
15310
15310
15310
15310
15310
15310
15310
15311
15311
15311
15311
15311
15311
15311
15311
15311
15312
15312
15312
15312
15312
15312
15312
15312
15312
15313
15313
15313
15313
15313
15313
15313
15313
15313
15314
15314
15314
15314
15314
15314
15314
15314
15314
15316
15316
15316
15316
15316
15316
15316
15316
15316
15317
15317
15317
15317
15317
15317
15317
15317
15317
15318
15318
15318
15318
15318
15318
15318
15318
15318
15319
15319
15319
15319
15319
15319
15319
15319
15319
15320
15320
15320
15320
15320
15320
15320
15320
15320
15321
15321
15321
15321
15321
15321
15321
15321
15321
15322
15322
15322
15322
15322
15322
15322
15322
15322
15323
15323
15323
15323
15323
15323
15323
15323
15323
15324
15324
15324
15324
15324
15324
15324
15324
15324
15326
15326
15326
15326
15326
15326
15326
15326
15326
15327
15327
15327
15327
15327
15327
15327
15327
15327
15328
15328
15328
15328
15328
15328
15329
15329
15329
15329
15329
15329
15330
15330
15330
15330
15330
15330
15331
15331
15331
15331
15331
15331
15332
15332
15332
15332
15332
15332
15333
15333
15333
15333
15333
15333
15333
15333
15333
15334
15334
15334
15334
15334
15334
15334
15334
15334
15335
15335
15335
15335
15335
15335
15336
15336
15336
15336
15336
15336
15337
15337
15337
15337
15337
15337
15338
15338
15338
15338
15338
15338
15338
15338
15338
15339
15339
15339
15339
15339
15339
15340
15340
15340
15340
15340
15340
15341
15341
15341
15341
15341
15341
15342
15342
15342
15342
15342
15342
15343
15343
15343
15343
15343
15343
15344
15344
15344
15344
15344
15344
15344
15344
15344
15345
15345
15345
15345
15345
15345
15346
15346
15346
15346
15346
15346
15347
15347
15347
15347
15347
15347
15347
15347
15347
15349
15349
15349
15349
15349
15349
15350
15350
15350
15350
15350
15350
15351
15351
15351
15351
15351
15351
15352
15352
15352
15352
15352
15352
15352
15352
15352
15355
15355
15355
15355
15355
15355
15356
15356
15356
15356
15356
15356
15358
15358
15358
15358
15358
15358
15358
15358
15358
15359
15359
15359
15359
15359
15359
15360
15360
15360
15360
15360
15360
15360
15360
15360
15362
15362
15362
15362
15362
15362
15366
15366
15366
15366
15366
15366
15367
15367
15367
15367
15367
15367
15368
15368
15368
15368
15368
15368
15369
15369
15369
15369
15369
15369
15370
15370
15370
15370
15370
15370
15371
15371
15371
15371
15371
15371
15372
15372
15372
15372
15372
15372
15373
15373
15373
15373
15373
15373
15374
15374
15374
15374
15374
15374
15376
15376
15376
15376
15376
15376
15376
15376
15376
15377
15377
15377
15377
15377
15377
15378
15378
15378
15378
15378
15378
15379
15379
15379
15379
15379
15379
15379
15379
15379
15381
15381
15381
15381
15381
15381
15382
15382
15382
15382
15382
15382
15383
15383
15383
15383
15383
15383
15385
15385
15385
15385
15385
15385
15387
15387
15387
15387
15387
15387
15388
15388
15388
15388
15388
15388
15389
15389
15389
15389
15389
15389
15390
15390
15390
15390
15390
15390
15390
15390
15390
15391
15391
15391
15391
15391
15391
15391
15391
15391
15392
15392
15392
15392
15392
15392
15392
15392
15392
15393
15393
15393
15393
15393
15393
15395
15395
15395
15395
15395
15395
15396
15396
15396
15396
15396
15396
15396
15396
15396
15397
15397
15397
15397
15397
15397
15398
15398
15398
15398
15398
15398
15399
15399
15399
15399
15399
15399
15400
15400
15400
15400
15400
15400
15401
15401
15401
15401
15401
15401
15403
15403
15403
15403
15403
15403
15403
15403
15403
15404
15404
15404
15404
15404
15404
15405
15405
15405
15405
15405
15405
15405
15405
15405
15406
15406
15406
15406
15406
15406
15406
15406
15406
15407
15407
15407
15407
15407
15407
15408
15408
15408
15408
15408
15408
15409
15409
15409
15409
15409
15409
15409
15409
15409
15410
15410
15410
15410
15410
15410
15410
15410
15410
15411
15411
15411
15411
15411
15411
15412
15412
15412
15412
15412
15412
15414
15414
15414
15414
15414
15414
15415
15415
15415
15415
15415
15415
15416
15416
15416
15416
15416
15416
15417
15417
15417
15417
15417
15417
15417
15417
15417
15418
15418
15418
15418
15418
15418
15421
15421
15421
15421
15421
15421
15423
15423
15423
15423
15423
15423
15424
15424
15424
15424
15424
15424
15425
15425
15425
15425
15425
15425
15426
15426
15426
15426
15426
15426
15427
15427
15427
15427
15427
15427
15429
15429
15429
15429
15429
15429
15430
15430
15430
15430
15430
15430
15431
15431
15431
15431
15431
15431
15432
15432
15432
15432
15432
15432
15433
15433
15433
15433
15433
15433
15433
15433
15433
15434
15434
15434
15434
15434
15434
15434
15434
15434
15435
15435
15435
15435
15435
15435
15435
15435
15435
15436
15436
15436
15436
15436
15436
15437
15437
15437
15437
15437
15437
15438
15438
15438
15438
15438
15438
15440
15440
15440
15440
15440
15440
15440
15440
15440
15441
15441
15441
15441
15441
15441
15442
15442
15442
15442
15442
15442
15443
15443
15443
15443
15443
15443
15445
15445
15445
15445
15445
15445
15446
15446
15446
15446
15446
15446
15447
15447
15447
15447
15447
15447
15447
15447
15447
15448
15448
15448
15448
15448
15448
15449
15449
15449
15449
15449
15449
15450
15450
15450
15450
15450
15450
15451
15451
15451
15451
15451
15451
15452
15452
15452
15452
15452
15452
15453
15453
15453
15453
15453
15453
15454
15454
15454
15454
15454
15454
15455
15455
15455
15455
15455
15455
15455
15455
15455
15456
15456
15456
15456
15456
15456
15457
15457
15457
15457
15457
15457
15458
15458
15458
15458
15458
15458
15459
15459
15459
15459
15459
15459
15460
15460
15460
15460
15460
15460
15461
15461
15461
15461
15461
15461
15462
15462
15462
15462
15462
15462
15464
15464
15464
15464
15464
15464
15465
15465
15465
15465
15465
15465
15465
15465
15465
15467
15467
15467
15467
15467
15467
15468
15468
15468
15468
15468
15468
15469
15469
15469
15469
15469
15469
15470
15470
15470
15470
15470
15470
15471
15471
15471
15471
15471
15471
15472
15472
15472
15472
15472
15472
15473
15473
15473
15473
15473
15473
15474
15474
15474
15474
15474
15474
15474
15474
15474
15475
15475
15475
15475
15475
15475
15476
15476
15476
15476
15476
15476
15476
15476
15476
15477
15477
15477
15477
15477
15477
15478
15478
15478
15478
15478
15478
15478
15478
15478
15479
15479
15479
15479
15479
15479
15480
15480
15480
15480
15480
15480
15481
15481
15481
15481
15481
15481
15481
15481
15481
15482
15482
15482
15482
15482
15482
15482
15482
15482
15485
15485
15485
15485
15485
15485
15486
15486
15486
15486
15486
15486
15487
15487
15487
15487
15487
15487
15488
15488
15488
15488
15488
15488
15490
15490
15490
15490
15490
15490
15491
15491
15491
15491
15491
15491
15492
15492
15492
15492
15492
15492
15493
15493
15493
15493
15493
15493
15494
15494
15494
15494
15494
15494
15495
15495
15495
15495
15495
15495
15496
15496
15496
15496
15496
15496
15496
15496
15496
15497
15497
15497
15497
15497
15497
15497
15497
15497
15500
15500
15500
15500
15500
15500
15500
15500
15500
15501
15501
15501
15501
15501
15501
15502
15502
15502
15502
15502
15502
15503
15503
15503
15503
15503
15503
15503
15503
15503
15504
15504
15504
15504
15504
15504
15505
15505
15505
15505
15505
15505
15506
15506
15506
15506
15506
15506
15507
15507
15507
15507
15507
15507
15507
15507
15507
15509
15509
15509
15509
15509
15509
15511
15511
15511
15511
15511
15511
15512
15512
15512
15512
15512
15512
15513
15513
15513
15513
15513
15513
15514
15514
15514
15514
15514
15514
15515
15515
15515
15515
15515
15515
15516
15516
15516
15516
15516
15516
15517
15517
15517
15517
15517
15517
15518
15518
15518
15518
15518
15518
15519
15519
15519
15519
15519
15519
15519
15519
15519
15520
15520
15520
15520
15520
15520
15520
15520
15520
15522
15522
15522
15522
15522
15522
15523
15523
15523
15523
15523
15523
15524
15524
15524
15524
15524
15524
15525
15525
15525
15525
15525
15525
15526
15526
15526
15526
15526
15526
15526
15526
15526
15527
15527
15527
15527
15527
15527
15529
15529
15529
15529
15529
15529
15530
15530
15530
15530
15530
15530
15531
15531
15531
15531
15531
15531
15533
15533
15533
15533
15533
15533
15534
15534
15534
15534
15534
15534
15534
15534
15534
15535
15535
15535
15535
15535
15535
15536
15536
15536
15536
15536
15536
15536
15536
15536
15537
15537
15537
15537
15537
15537
15538
15538
15538
15538
15538
15538
15538
15538
15538
15539
15539
15539
15539
15539
15539
15539
15539
15539
15540
15540
15540
15540
15540
15540
15542
15542
15542
15542
15542
15542
15543
15543
15543
15543
15543
15543
15544
15544
15544
15544
15544
15544
15545
15545
15545
15545
15545
15545
15546
15546
15546
15546
15546
15546
15547
15547
15547
15547
15547
15547
15548
15548
15548
15548
15548
15548
15549
15549
15549
15549
15549
15549
15550
15550
15550
15550
15550
15550
15552
15552
15552
15552
15552
15552
15554
15554
15554
15554
15554
15554
15555
15555
15555
15555
15555
15555
15556
15556
15556
15556
15556
15556
15557
15557
15557
15557
15557
15557
15558
15558
15558
15558
15558
15558
15559
15559
15559
15559
15559
15559
15561
15561
15561
15561
15561
15561
15562
15562
15562
15562
15562
15562
15563
15563
15563
15563
15563
15563
15564
15564
15564
15564
15564
15564
15566
15566
15566
15566
15566
15566
15567
15567
15567
15567
15567
15567
15569
15569
15569
15569
15569
15569
15570
15570
15570
15570
15570
15570
15571
15571
15571
15571
15571
15571
15573
15573
15573
15573
15573
15573
15574
15574
15574
15574
15574
15574
15575
15575
15575
15575
15575
15575
15576
15576
15576
15576
15576
15576
15576
15576
15576
15577
15577
15577
15577
15577
15577
15578
15578
15578
15578
15578
15578
15580
15580
15580
15580
15580
15580
15580
15580
15580
15581
15581
15581
15581
15581
15581
15581
15581
15581
15582
15582
15582
15582
15582
15582
15583
15583
15583
15583
15583
15583
15585
15585
15585
15585
15585
15585
15586
15586
15586
15586
15586
15586
15587
15587
15587
15587
15587
15587
15589
15589
15589
15589
15589
15589
15589
15589
15589
15590
15590
15590
15590
15590
15590
15591
15591
15591
15591
15591
15591
15592
15592
15592
15592
15592
15592
15593
15593
15593
15593
15593
15593
15594
15594
15594
15594
15594
15594
15594
15594
15594
15595
15595
15595
15595
15595
15595
15595
15595
15595
15597
15597
15597
15597
15597
15597
15598
15598
15598
15598
15598
15598
15599
15599
15599
15599
15599
15599
15599
15599
15599
15601
15601
15601
15601
15601
15601
15601
15601
15601
15602
15602
15602
15602
15602
15602
15602
15602
15602
15604
15604
15604
15604
15604
15604
15604
15604
15604
15606
15606
15606
15606
15606
15606
15606
15606
15606
15607
15607
15607
15607
15607
15607
15607
15607
15607
15608
15608
15608
15608
15608
15608
15608
15608
15608
15609
15609
15609
15609
15609
15609
15609
15609
15609
15610
15610
15610
15610
15610
15610
15610
15610
15610
15611
15611
15611
15611
15611
15611
15611
15611
15611
15612
15612
15612
15612
15612
15612
15612
15612
15612
15613
15613
15613
15613
15613
15613
15613
15613
15613
15614
15614
15614
15614
15614
15614
15614
15614
15614
15615
15615
15615
15615
15615
15615
15615
15615
15615
15616
15616
15616
15616
15616
15616
15616
15616
15616
15617
15617
15617
15617
15617
15617
15617
15617
15617
15619
15619
15619
15619
15619
15619
15619
15619
15619
15621
15621
15621
15621
15621
15621
15621
15621
15621
15622
15622
15622
15622
15622
15622
15622
15622
15622
15623
15623
15623
15623
15623
15623
15623
15623
15623
15624
15624
15624
15624
15624
15624
15624
15624
15624
